Tamanho da Imagem: 32x32
Número de Unidades LSTM: 4096
Loss: 1.4726
Accuracy: 0.5309

==============================
Relatório de Classificação:
              precision    recall  f1-score   support

           *       0.45      0.57      0.50      2019
           a       0.54      0.31      0.40       118
           b       0.57      0.38      0.46       113
           c       0.65      0.75      0.70       119
           d       0.88      0.10      0.18       139
           e       0.59      0.66      0.62       150
           f       0.75      0.46      0.57       173
           g       0.28      0.12      0.17        89
           h       0.62      0.33      0.43       120
           i       0.70      0.31      0.43       100
           j       0.79      0.98      0.87       161
           k       0.55      0.31      0.40       168
           l       0.38      0.33      0.35        87
           m       0.68      0.66      0.67       145
           n       0.67      0.83      0.74       110
           o       0.45      0.29      0.35       136
           p       0.72      0.73      0.72       146
           q       0.47      0.87      0.61       119
           r       0.59      0.61      0.60       142
           s       0.74      0.42      0.54       136
           t       0.38      0.24      0.29       122
           u       0.30      0.41      0.35       108
           v       0.61      0.14      0.22       139
           w       0.71      0.61      0.66       131
           x       0.75      0.52      0.62       123
           y       0.50      0.67      0.57       116
           z       0.80      0.90      0.85       147

    accuracy                           0.53      5376
   macro avg       0.60      0.50      0.51      5376
weighted avg       0.55      0.53      0.52      5376
