Tamanho da Imagem: 64x64
Número de Unidades LSTM: 2048
Loss: 1.6004
Accuracy: 0.5037

==============================
Relatório de Classificação:
              precision    recall  f1-score   support

           *       0.44      0.45      0.45      2019
           a       0.48      0.32      0.39       118
           b       0.66      0.65      0.66       113
           c       0.45      0.75      0.56       119
           d       0.95      0.15      0.26       139
           e       0.66      0.59      0.63       150
           f       0.70      0.49      0.58       173
           g       0.15      0.09      0.11        89
           h       0.62      0.67      0.65       120
           i       0.94      0.34      0.50       100
           j       0.73      0.98      0.83       161
           k       0.51      0.31      0.39       168
           l       0.20      0.24      0.22        87
           m       0.56      0.72      0.63       145
           n       0.49      0.53      0.51       110
           o       0.49      0.48      0.48       136
           p       0.66      0.73      0.69       146
           q       0.47      0.83      0.60       119
           r       0.47      0.63      0.54       142
           s       0.65      0.44      0.52       136
           t       0.35      0.40      0.38       122
           u       0.29      0.43      0.34       108
           v       0.54      0.16      0.24       139
           w       0.54      0.64      0.58       131
           x       0.67      0.50      0.57       123
           y       0.47      0.59      0.53       116
           z       0.73      0.89      0.80       147

    accuracy                           0.50      5376
   macro avg       0.55      0.52      0.51      5376
weighted avg       0.52      0.50      0.49      5376
