Tamanho da Imagem: 32x32
Número de Unidades LSTM: 2048
Loss: 1.4893
Accuracy: 0.5374

==============================
Relatório de Classificação:
              precision    recall  f1-score   support

           *       0.46      0.53      0.49      2019
           a       0.54      0.31      0.40       118
           b       0.60      0.35      0.44       113
           c       0.61      0.80      0.69       119
           d       1.00      0.05      0.10       139
           e       0.59      0.65      0.62       150
           f       0.74      0.46      0.57       173
           g       0.28      0.17      0.21        89
           h       0.69      0.57      0.62       120
           i       0.67      0.31      0.42       100
           j       0.74      0.98      0.84       161
           k       0.52      0.27      0.36       168
           l       0.44      0.66      0.52        87
           m       0.63      0.70      0.66       145
           n       0.60      0.71      0.65       110
           o       0.49      0.35      0.41       136
           p       0.73      0.73      0.73       146
           q       0.50      0.87      0.64       119
           r       0.55      0.59      0.57       142
           s       0.64      0.56      0.60       136
           t       0.47      0.59      0.52       122
           u       0.24      0.42      0.30       108
           v       0.72      0.13      0.22       139
           w       0.68      0.66      0.67       131
           x       0.77      0.46      0.58       123
           y       0.77      0.69      0.73       116
           z       0.79      0.90      0.84       147

    accuracy                           0.54      5376
   macro avg       0.61      0.54      0.53      5376
weighted avg       0.56      0.54      0.52      5376
