Tamanho da Imagem: 128x128
Número de Unidades LSTM: 1024
Loss: 3.1381
Accuracy: 0.0993

==============================
Relatório de Classificação:
              precision    recall  f1-score   support

           *       0.37      0.21      0.27      2019
           a       0.00      0.00      0.00       118
           b       0.00      0.00      0.00       113
           c       0.00      0.00      0.00       119
           d       0.02      0.59      0.04       139
           e       0.00      0.00      0.00       150
           f       0.00      0.00      0.00       173
           g       0.00      0.00      0.00        89
           h       0.00      0.00      0.00       120
           i       0.00      0.00      0.00       100
           j       0.00      0.00      0.00       161
           k       0.00      0.00      0.00       168
           l       0.00      0.00      0.00        87
           m       0.00      0.00      0.00       145
           n       0.00      0.00      0.00       110
           o       0.00      0.00      0.00       136
           p       0.00      0.00      0.00       146
           q       0.35      0.26      0.30       119
           r       0.00      0.00      0.00       142
           s       0.00      0.00      0.00       136
           t       0.00      0.00      0.00       122
           u       0.00      0.00      0.00       108
           v       0.00      0.00      0.00       139
           w       0.00      0.00      0.00       131
           x       0.00      0.00      0.00       123
           y       0.00      0.00      0.00       116
           z       0.00      0.00      0.00       147

    accuracy                           0.10      5376
   macro avg       0.03      0.04      0.02      5376
weighted avg       0.15      0.10      0.11      5376
