Tamanho da Imagem: 32x32
Número de Unidades LSTM: 1024
Loss: 1.5447
Accuracy: 0.5301

==============================
Relatório de Classificação:
              precision    recall  f1-score   support

           *       0.45      0.59      0.51      2019
           a       0.52      0.31      0.39       118
           b       0.60      0.35      0.44       113
           c       0.63      0.66      0.65       119
           d       0.90      0.14      0.24       139
           e       0.64      0.55      0.59       150
           f       0.73      0.41      0.53       173
           g       0.23      0.09      0.13        89
           h       0.56      0.70      0.62       120
           i       0.00      0.00      0.00       100
           j       0.77      0.98      0.86       161
           k       0.53      0.28      0.37       168
           l       0.44      0.37      0.40        87
           m       0.76      0.72      0.74       145
           n       0.59      0.52      0.55       110
           o       0.49      0.35      0.41       136
           p       0.73      0.72      0.72       146
           q       0.50      0.87      0.64       119
           r       0.65      0.46      0.54       142
           s       0.60      0.44      0.51       136
           t       0.47      0.36      0.41       122
           u       0.21      0.19      0.20       108
           v       0.49      0.19      0.27       139
           w       0.80      0.55      0.65       131
           x       0.76      0.65      0.70       123
           y       0.56      0.68      0.61       116
           z       0.78      0.89      0.83       147

    accuracy                           0.53      5376
   macro avg       0.57      0.48      0.50      5376
weighted avg       0.54      0.53      0.51      5376
