Tamanho da Imagem: 32x32
Número de Unidades LSTM: 256
Loss: 1.6559
Accuracy: 0.5091

==============================
Relatório de Classificação:
              precision    recall  f1-score   support

           *       0.48      0.50      0.49      2019
           a       0.49      0.29      0.36       118
           b       0.57      0.34      0.42       113
           c       0.56      0.72      0.63       119
           d       0.79      0.16      0.26       139
           e       0.63      0.49      0.55       150
           f       0.89      0.51      0.65       173
           g       0.26      0.16      0.20        89
           h       0.55      0.68      0.61       120
           i       0.84      0.27      0.41       100
           j       0.80      0.97      0.87       161
           k       0.56      0.39      0.46       168
           l       0.33      0.45      0.38        87
           m       0.63      0.59      0.61       145
           n       0.42      0.61      0.50       110
           o       0.46      0.34      0.39       136
           p       0.54      0.68      0.61       146
           q       0.56      0.82      0.66       119
           r       0.38      0.44      0.41       142
           s       0.52      0.61      0.56       136
           t       0.35      0.30      0.32       122
           u       0.12      0.12      0.12       108
           v       0.41      0.37      0.39       139
           w       0.51      0.61      0.55       131
           x       0.78      0.59      0.67       123
           y       0.50      0.72      0.59       116
           z       0.54      0.86      0.66       147

    accuracy                           0.51      5376
   macro avg       0.54      0.50      0.49      5376
weighted avg       0.52      0.51      0.50      5376
