Tamanho da Imagem: 64x64
Número de Unidades LSTM: 4096
Loss: 1.7972
Accuracy: 0.4539

==============================
Relatório de Classificação:
              precision    recall  f1-score   support

           *       0.44      0.27      0.34      2019
           a       0.37      0.26      0.31       118
           b       0.65      0.73      0.69       113
           c       0.50      0.85      0.63       119
           d       0.67      0.12      0.20       139
           e       0.60      0.78      0.68       150
           f       0.66      0.39      0.49       173
           g       0.12      0.06      0.08        89
           h       0.27      0.69      0.39       120
           i       0.84      0.41      0.55       100
           j       0.72      0.82      0.77       161
           k       0.50      0.36      0.42       168
           l       0.29      0.38      0.33        87
           m       0.42      0.76      0.54       145
           n       0.32      0.30      0.31       110
           o       0.52      0.42      0.46       136
           p       0.64      0.75      0.69       146
           q       0.25      0.84      0.39       119
           r       0.52      0.76      0.62       142
           s       0.43      0.51      0.46       136
           t       0.27      0.30      0.28       122
           u       0.21      0.11      0.15       108
           v       0.39      0.78      0.52       139
           w       0.46      0.73      0.57       131
           x       0.69      0.61      0.65       123
           y       0.41      0.67      0.51       116
           z       0.67      0.89      0.77       147

    accuracy                           0.45      5376
   macro avg       0.48      0.54      0.47      5376
weighted avg       0.47      0.45      0.43      5376
