Tamanho da Imagem: 128x128
Número de Unidades LSTM: 256
Loss: 3.0944
Accuracy: 0.2625

==============================
Relatório de Classificação:
              precision    recall  f1-score   support

           *       0.39      0.67      0.49      2019
           a       0.00      0.00      0.00       118
           b       0.00      0.00      0.00       113
           c       0.00      0.00      0.00       119
           d       0.00      0.00      0.00       139
           e       0.00      0.00      0.00       150
           f       0.00      0.00      0.00       173
           g       0.00      0.00      0.00        89
           h       0.00      0.00      0.00       120
           i       0.00      0.00      0.00       100
           j       0.00      0.00      0.00       161
           k       0.00      0.00      0.00       168
           l       0.00      0.00      0.00        87
           m       0.07      0.25      0.11       145
           n       0.00      0.00      0.00       110
           o       0.00      0.00      0.00       136
           p       0.00      0.00      0.00       146
           q       0.01      0.12      0.02       119
           r       0.00      0.00      0.00       142
           s       0.00      0.00      0.00       136
           t       0.00      0.00      0.00       122
           u       0.00      0.00      0.00       108
           v       0.00      0.00      0.00       139
           w       0.00      0.00      0.00       131
           x       0.00      0.00      0.00       123
           y       0.00      0.00      0.00       116
           z       0.00      0.00      0.00       147

    accuracy                           0.26      5376
   macro avg       0.02      0.04      0.02      5376
weighted avg       0.15      0.26      0.19      5376
