Tamanho da Imagem: 64x64
Número de Unidades LSTM: 256
Loss: 1.9536
Accuracy: 0.4141

==============================
Relatório de Classificação:
              precision    recall  f1-score   support

           *       0.45      0.10      0.16      2019
           a       0.36      0.30      0.33       118
           b       0.61      0.59      0.60       113
           c       0.48      0.77      0.60       119
           d       0.72      0.26      0.38       139
           e       0.61      0.65      0.63       150
           f       0.68      0.44      0.54       173
           g       0.12      0.08      0.10        89
           h       0.42      0.68      0.52       120
           i       0.43      0.44      0.43       100
           j       0.52      0.79      0.63       161
           k       0.52      0.69      0.59       168
           l       0.33      0.76      0.46        87
           m       0.52      0.88      0.65       145
           n       0.30      0.44      0.36       110
           o       0.49      0.57      0.53       136
           p       0.35      0.72      0.47       146
           q       0.18      0.76      0.30       119
           r       0.33      0.71      0.45       142
           s       0.40      0.63      0.49       136
           t       0.22      0.25      0.23       122
           u       0.30      0.59      0.40       108
           v       0.44      0.68      0.53       139
           w       0.41      0.75      0.53       131
           x       0.52      0.40      0.45       123
           y       0.39      0.65      0.48       116
           z       0.63      0.89      0.74       147

    accuracy                           0.41      5376
   macro avg       0.43      0.57      0.47      5376
weighted avg       0.45      0.41      0.37      5376
