Tamanho da Imagem: 32x32
Número de Unidades LSTM: 512
Loss: 1.4942
Accuracy: 0.5251

==============================
Relatório de Classificação:
              precision    recall  f1-score   support

           *       0.46      0.53      0.49      2019
           a       0.51      0.28      0.36       118
           b       0.57      0.38      0.46       113
           c       0.63      0.77      0.69       119
           d       0.80      0.06      0.11       139
           e       0.60      0.60      0.60       150
           f       0.76      0.45      0.56       173
           g       0.26      0.19      0.22        89
           h       0.71      0.70      0.71       120
           i       0.58      0.18      0.27       100
           j       0.76      0.87      0.81       161
           k       0.55      0.32      0.40       168
           l       0.42      0.32      0.37        87
           m       0.60      0.71      0.65       145
           n       0.68      0.77      0.72       110
           o       0.65      0.75      0.70       136
           p       0.74      0.75      0.74       146
           q       0.45      0.85      0.59       119
           r       0.53      0.50      0.51       142
           s       0.56      0.60      0.58       136
           t       0.38      0.24      0.29       122
           u       0.17      0.11      0.13       108
           v       0.28      0.22      0.25       139
           w       0.48      0.50      0.49       131
           x       0.71      0.57      0.63       123
           y       0.49      0.68      0.57       116
           z       0.76      0.90      0.82       147

    accuracy                           0.53      5376
   macro avg       0.56      0.51      0.51      5376
weighted avg       0.53      0.53      0.51      5376
