Tamanho da Imagem: 64x64
Número de Unidades LSTM: 1024
Loss: 1.6042
Accuracy: 0.5041

==============================
Relatório de Classificação:
              precision    recall  f1-score   support

           *       0.46      0.41      0.43      2019
           a       0.47      0.30      0.36       118
           b       0.64      0.64      0.64       113
           c       0.62      0.74      0.67       119
           d       1.00      0.05      0.10       139
           e       0.61      0.52      0.56       150
           f       0.70      0.50      0.59       173
           g       0.25      0.15      0.19        89
           h       0.48      0.64      0.55       120
           i       0.83      0.49      0.62       100
           j       0.70      0.97      0.81       161
           k       0.50      0.38      0.43       168
           l       0.36      0.37      0.36        87
           m       0.54      0.79      0.64       145
           n       0.37      0.49      0.42       110
           o       0.55      0.58      0.56       136
           p       0.66      0.64      0.65       146
           q       0.33      0.85      0.48       119
           r       0.53      0.71      0.61       142
           s       0.44      0.57      0.50       136
           t       0.45      0.61      0.52       122
           u       0.17      0.17      0.17       108
           v       0.61      0.52      0.56       139
           w       0.42      0.67      0.52       131
           x       0.67      0.44      0.53       123
           y       0.64      0.61      0.63       116
           z       0.70      0.88      0.78       147

    accuracy                           0.50      5376
   macro avg       0.54      0.54      0.51      5376
weighted avg       0.52      0.50      0.49      5376
