Tamanho da Imagem: 64x64
Número de Unidades LSTM: 512
Loss: 1.7233
Accuracy: 0.4965

==============================
Relatório de Classificação:
              precision    recall  f1-score   support

           *       0.50      0.33      0.40      2019
           a       0.41      0.26      0.32       118
           b       0.63      0.65      0.64       113
           c       0.62      0.84      0.72       119
           d       0.82      0.20      0.32       139
           e       0.62      0.66      0.64       150
           f       0.68      0.49      0.57       173
           g       0.38      0.39      0.38        89
           h       0.47      0.68      0.56       120
           i       0.62      0.39      0.48       100
           j       0.62      0.98      0.76       161
           k       0.46      0.52      0.49       168
           l       0.39      0.37      0.38        87
           m       0.54      0.66      0.59       145
           n       0.32      0.55      0.40       110
           o       0.58      0.79      0.67       136
           p       0.65      0.72      0.68       146
           q       0.34      0.80      0.48       119
           r       0.47      0.72      0.57       142
           s       0.45      0.59      0.51       136
           t       0.36      0.60      0.45       122
           u       0.30      0.43      0.36       108
           v       0.38      0.26      0.31       139
           w       0.34      0.75      0.46       131
           x       0.60      0.52      0.56       123
           y       0.59      0.61      0.60       116
           z       0.67      0.88      0.76       147

    accuracy                           0.50      5376
   macro avg       0.51      0.58      0.52      5376
weighted avg       0.52      0.50      0.48      5376
